8 0.95546875 0.90390625 0.07734375 0.0703125
7 0.5125 0.965625 0.05625 0.06875
7 0.41640625 0.896875 0.0671875 0.05859375
7 0.42109375 0.80078125 0.06484375 0.06796875
4 0.5328125 0.753125 0.06015625 0.0890625
4 0.4765625 0.66875 0.0515625 0.05546875
7 0.4296875 0.71484375 0.06015625 0.0546875
8 0.309375 0.60078125 0.05546875 0.06953125
8 0.61171875 0.47421875 0.05234375 0.06328125
8 0.58125 0.5625 0.05625 0.0703125
5 0.8734375 0.76484375 0.059375 0.0609375
11 0.78984375 0.62890625 0.0703125 0.10390625
11 0.62109375 0.35546875 0.07890625 0.10078125
4 0.65390625 0.4171875 0.05078125 0.053125
4 0.56171875 0.4140625 0.04453125 0.03828125
10 0.64921875 0.7125 0.0484375 0.06484375
10 0.51796875 0.4640625 0.0484375 0.05078125
7 0.23359375 0.5890625 0.04921875 0.0609375
7 0.08125 0.39375 0.05234375 0.0375
7 0.0515625 0.409375 0.0546875 0.0515625
7 0.309375 0.328125 0.0375 0.05390625
7 0.971875 0.28203125 0.05546875 0.03828125
7 0.63671875 0.51484375 0.0453125 0.05625
7 0.54296875 0.49375 0.0453125 0.05234375
11 0.23828125 0.41796875 0.065625 0.12265625
11 0.21328125 0.36796875 0.04921875 0.0953125
11 0.1703125 0.3265625 0.04921875 0.1
11 0.15546875 0.2546875 0.05859375 0.08828125
8 0.9328125 0.29453125 0.09609375 0.04765625
8 0.7640625 0.284375 0.09453125 0.05625
4 0.6875 0.3015625 0.08515625 0.04375
4 0.51171875 0.27265625 0.08125 0.05390625
4 0.40234375 0.25625 0.084375 0.053125
7 0.2828125 0.25 0.05859375 0.0453125
14 0.7046875 0.49375 0.0578125 0.08125
14 0.8796875 0.93828125 0.0625 0.090625
14 0.93359375 0.97734375 0.0703125 0.0453125
14 0.80234375 0.7265625 0.053125 0.07578125