8 0.1125 0.803125 0.12109375 0.16796875
8 0.35703125 0.8765625 0.1625 0.2359375
2 0.48828125 0.72734375 0.128125 0.15078125
7 0.38515625 0.55234375 0.08203125 0.090625
8 0.5859375 0.46484375 0.0640625 0.0546875
5 0.59609375 0.41796875 0.05703125 0.0515625
3 0.48671875 0.44609375 0.04609375 0.0578125
10 0.5046875 0.40625 0.04609375 0.04609375
7 0.25546875 0.42890625 0.0515625 0.04609375
4 0.30390625 0.3984375 0.04296875 0.0421875
1 0.1796875 0.3796875 0.0625 0.12734375
8 0.33125 0.453125 0.05 0.05234375
13 0.4296875 0.35703125 0.0375 0.0421875
13 0.4875 0.36015625 0.0359375 0.0453125
8 0.25078125 0.38125 0.034375 0.03671875
8 0.28203125 0.34296875 0.02890625 0.0296875