8 0.04453125 0.90390625 0.07734375 0.0703125
7 0.4875 0.965625 0.05625 0.06875
7 0.58359375 0.896875 0.0671875 0.05859375
7 0.57890625 0.80078125 0.06484375 0.06796875
4 0.4671875 0.753125 0.06015625 0.0890625
4 0.5234375 0.66875 0.0515625 0.05546875
7 0.5703125 0.71484375 0.06015625 0.0546875
8 0.690625 0.60078125 0.05546875 0.06953125
8 0.38828125 0.47421875 0.05234375 0.06328125
8 0.41875 0.5625 0.05625 0.0703125
5 0.1265625 0.76484375 0.059375 0.0609375
11 0.21015625 0.62890625 0.0703125 0.10390625
11 0.37890625 0.35546875 0.07890625 0.10078125
4 0.34609375 0.4171875 0.05078125 0.053125
4 0.43828125 0.4140625 0.04453125 0.03828125
10 0.35078125 0.7125 0.0484375 0.06484375
10 0.48203125 0.4640625 0.0484375 0.05078125
7 0.76640625 0.5890625 0.04921875 0.0609375
7 0.91875 0.39375 0.05234375 0.0375
7 0.9484375 0.409375 0.0546875 0.0515625
7 0.690625 0.328125 0.0375 0.05390625
7 0.028125 0.28203125 0.05546875 0.03828125
7 0.36328125 0.51484375 0.0453125 0.05625
7 0.45703125 0.49375 0.0453125 0.05234375
11 0.76171875 0.41796875 0.065625 0.12265625
11 0.78671875 0.36796875 0.04921875 0.0953125
11 0.8296875 0.3265625 0.04921875 0.1
11 0.84453125 0.2546875 0.05859375 0.08828125
8 0.0671875 0.29453125 0.09609375 0.04765625
8 0.2359375 0.284375 0.09453125 0.05625
4 0.3125 0.3015625 0.08515625 0.04375
4 0.48828125 0.27265625 0.08125 0.05390625
4 0.59765625 0.25625 0.084375 0.053125
7 0.7171875 0.25 0.05859375 0.0453125
14 0.2953125 0.49375 0.0578125 0.08125
14 0.1203125 0.93828125 0.0625 0.090625
14 0.06640625 0.97734375 0.0703125 0.0453125
14 0.19765625 0.7265625 0.053125 0.07578125