7 0.13671875 0.753125 0.10390625 0.14921875
5 0.76171875 0.78984375 0.096875 0.17265625
5 0.65703125 0.4921875 0.05390625 0.1
13 0.8125 0.490625 0.07578125 0.14453125
10 0.2015625 0.45390625 0.05234375 0.10078125
1 0.60703125 0.63046875 0.10625 0.184375
1 0.5625 0.2125 0.04140625 0.11875
7 0.72265625 0.47109375 0.0515625 0.090625
7 0.3671875 0.325 0.0296875 0.0609375
7 0.384375 0.278125 0.0234375 0.04609375
7 0.43203125 0.284375 0.021875 0.040625
7 0.7125 0.3578125 0.03984375 0.0609375
7 0.5328125 0.271875 0.03046875 0.05546875
7 0.6046875 0.25390625 0.01953125 0.03515625
8 0.66171875 0.29453125 0.028125 0.0546875
8 0.65 0.33359375 0.0359375 0.07421875
8 0.67890625 0.39296875 0.040625 0.06875
8 0.42109375 0.35078125 0.03671875 0.06875
4 0.9171875 0.74765625 0.1125 0.1859375