7 0.271875 0.58203125 0.084375 0.0984375
7 0.353125 0.4421875 0.0578125 0.0671875
7 0.65234375 0.5421875 0.059375 0.06796875
7 0.7578125 0.5578125 0.06875 0.0890625
7 0.6328125 0.45078125 0.0375 0.06015625
7 0.55234375 0.42421875 0.03203125 0.046875
7 0.67421875 0.4015625 0.03984375 0.04609375
8 0.59921875 0.89765625 0.109375 0.19921875
8 0.23828125 0.496875 0.0796875 0.09765625
3 0.26640625 0.42265625 0.04375 0.05078125
8 0.296875 0.34609375 0.0359375 0.034375
8 0.43515625 0.390625 0.034375 0.06328125
8 0.38671875 0.5015625 0.059375 0.0734375
8 0.7296875 0.73203125 0.09140625 0.1328125
8 0.8 0.66328125 0.08359375 0.1078125
8 0.865625 0.44921875 0.059375 0.0625
8 0.5671875 0.33671875 0.03046875 0.03515625
8 0.52578125 0.33671875 0.02421875 0.0328125
4 0.57578125 0.684375 0.06875 0.1125
4 0.71328125 0.47265625 0.05703125 0.0625
12 0.56796875 0.53828125 0.05859375 0.09140625
8 0.88984375 0.8015625 0.115625 0.14296875
3 0.5984375 0.3765625 0.03671875 0.040625
10 0.74375 0.36484375 0.03515625 0.0484375
11 0.69296875 0.31484375 0.05390625 0.06875
14 0.77109375 0.33984375 0.03671875 0.0375
14 0.41015625 0.340625 0.025 0.0390625
8 0.37734375 0.34140625 0.02578125 0.0265625