8 0.9078125 0.7625 0.184375 0.2984375
8 0.83125 0.4859375 0.1390625 0.20078125
8 0.5984375 0.47109375 0.0640625 0.09375
8 0.51796875 0.48671875 0.05078125 0.09921875
8 0.4140625 0.65078125 0.065625 0.12890625
8 0.32734375 0.68984375 0.075 0.13671875
4 0.728125 0.7796875 0.1421875 0.29765625
4 0.434375 0.8609375 0.13203125 0.278125
7 0.49609375 0.6359375 0.0828125 0.1515625
5 0.6921875 0.53203125 0.1015625 0.15546875
9 0.57734375 0.8609375 0.1109375 0.278125
9 0.29921875 0.940625 0.12109375 0.11796875
7 0.7703125 0.36875 0.1015625 0.08203125
14 0.2265625 0.87890625 0.125 0.22421875