8 0.56484375 0.8515625 0.1390625 0.1640625
8 0.5859375 0.72578125 0.10625 0.10703125
8 0.69765625 0.5671875 0.075 0.07578125
8 0.734375 0.72421875 0.10390625 0.0921875
8 0.26484375 0.6640625 0.07890625 0.10859375
8 0.33125 0.58828125 0.07734375 0.1015625
8 0.44296875 0.46875 0.04609375 0.065625
8 0.45703125 0.43515625 0.03203125 0.04609375
8 0.8171875 0.96796875 0.18125 0.0640625
8 0.56328125 0.96875 0.1828125 0.0625
4 0.07578125 0.88125 0.15078125 0.1640625
1 0.1234375 0.575 0.16875 0.27890625
7 0.36796875 0.559375 0.04296875 0.071875
7 0.5984375 0.4828125 0.0484375 0.05859375
7 0.6015625 0.44296875 0.03828125 0.0453125
8 0.7 0.503125 0.053125 0.06015625
5 0.32265625 0.5109375 0.04765625 0.06171875