5 0.3953125 0.75546875 0.25703125 0.2875
10 0.86484375 0.6046875 0.21015625 0.253125
10 0.49453125 0.4765625 0.15859375 0.18515625
8 0.31015625 0.5328125 0.19296875 0.15859375
8 0.8140625 0.45234375 0.19375 0.1921875
8 0.4609375 0.3625 0.14921875 0.14765625
8 0.3484375 0.4140625 0.14296875 0.15546875
8 0.7859375 0.240625 0.11484375 0.1390625
7 0.3625 0.1828125 0.1015625 0.0921875
7 0.4578125 0.1953125 0.1 0.09921875
13 0.175 0.34921875 0.15234375 0.22109375
13 0.06015625 0.3078125 0.1203125 0.203125
1 0.48359375 0.0921875 0.1390625 0.184375
1 0.69296875 0.09453125 0.14765625 0.18125
8 0.0578125 0.0734375 0.05625 0.07421875
5 0.0984375 0.065625 0.0578125 0.075
8 0.0171875 0.08671875 0.03359375 0.0875