10 0.2953125 0.88359375 0.23125 0.2328125
10 0.76328125 0.38515625 0.0984375 0.121875
8 0.5890625 0.79140625 0.18125 0.23515625
8 0.79296875 0.67890625 0.16015625 0.22109375
8 0.93671875 0.55078125 0.1265625 0.1515625
8 0.43984375 0.52734375 0.1359375 0.15625
8 0.6234375 0.4828125 0.1234375 0.15234375
8 0.78125 0.45859375 0.10546875 0.1203125
8 0.21328125 0.36640625 0.08671875 0.08359375
8 0.04453125 0.2765625 0.07734375 0.0921875
8 0.21640625 0.28515625 0.07578125 0.078125
8 0.340625 0.30859375 0.0875 0.08984375
8 0.696875 0.36796875 0.0796875 0.0828125
7 0.22421875 0.590625 0.13671875 0.15390625
7 0.51171875 0.6640625 0.1515625 0.13984375
7 0.6546875 0.5515625 0.128125 0.12578125
7 0.9078125 0.17109375 0.0578125 0.053125
13 0.846875 0.134375 0.05546875 0.05703125
3 0.56953125 0.40859375 0.0921875 0.10234375
3 0.3953125 0.425 0.07734375 0.08359375
3 0.22109375 0.71796875 0.15 0.17421875
3 0.37734375 0.36875 0.09453125 0.08828125
1 0.459375 0.228125 0.1078125 0.20234375
4 0.6265625 0.2921875 0.084375 0.071875