10 0.24375 0.73515625 0.07734375 0.06875
10 0.12421875 0.54609375 0.059375 0.04609375
10 0.4671875 0.34453125 0.0578125 0.04921875
10 0.53125 0.25546875 0.05078125 0.0390625
10 0.521875 0.1984375 0.04765625 0.046875
10 0.58984375 0.1046875 0.05078125 0.05078125
10 0.41796875 0.76015625 0.05390625 0.0390625
10 0.3109375 0.83125 0.07109375 0.06484375
10 0.2671875 0.89140625 0.0640625 0.05546875
4 0.45546875 0.709375 0.0703125 0.0515625
4 0.31640625 0.7296875 0.05625 0.05234375
4 0.1125 0.92421875 0.07109375 0.0578125
4 0.3328125 0.89375 0.0578125 0.0515625
4 0.91484375 0.63359375 0.075 0.034375
4 0.7171875 0.58984375 0.07265625 0.03828125
4 0.57421875 0.20703125 0.059375 0.04375
4 0.55859375 0.15546875 0.0578125 0.040625
4 0.6609375 0.10546875 0.07109375 0.046875
4 0.07734375 0.41640625 0.071875 0.03203125
7 0.54296875 0.534375 0.0515625 0.0484375
7 0.8203125 0.61171875 0.09140625 0.03359375
7 0.3515625 0.771875 0.05078125 0.0515625
8 0.315625 0.57578125 0.05078125 0.0484375
8 0.2390625 0.4703125 0.0796875 0.0578125
8 0.04375 0.475 0.0875 0.03671875
8 0.02734375 0.3625 0.0546875 0.03203125
8 0.78671875 0.63828125 0.0921875 0.03984375