10 0.7046875 0.88359375 0.23125 0.2328125
10 0.23671875 0.38515625 0.0984375 0.121875
8 0.4109375 0.79140625 0.18125 0.23515625
8 0.20703125 0.67890625 0.16015625 0.22109375
8 0.06328125 0.55078125 0.1265625 0.1515625
8 0.56015625 0.52734375 0.1359375 0.15625
8 0.3765625 0.4828125 0.1234375 0.15234375
8 0.21875 0.45859375 0.10546875 0.1203125
8 0.78671875 0.36640625 0.08671875 0.08359375
8 0.95546875 0.2765625 0.07734375 0.0921875
8 0.78359375 0.28515625 0.07578125 0.078125
8 0.659375 0.30859375 0.0875 0.08984375
8 0.303125 0.36796875 0.0796875 0.0828125
7 0.77578125 0.590625 0.13671875 0.15390625
7 0.48828125 0.6640625 0.1515625 0.13984375
7 0.3453125 0.5515625 0.128125 0.12578125
7 0.0921875 0.17109375 0.0578125 0.053125
13 0.153125 0.134375 0.05546875 0.05703125
3 0.43046875 0.40859375 0.0921875 0.10234375
3 0.6046875 0.425 0.07734375 0.08359375
3 0.77890625 0.71796875 0.15 0.17421875
3 0.62265625 0.36875 0.09453125 0.08828125
1 0.540625 0.228125 0.1078125 0.20234375
4 0.3734375 0.2921875 0.084375 0.071875