8 0.0921875 0.7625 0.184375 0.2984375
8 0.16875 0.4859375 0.1390625 0.20078125
8 0.4015625 0.47109375 0.0640625 0.09375
8 0.48203125 0.48671875 0.05078125 0.09921875
8 0.5859375 0.65078125 0.065625 0.12890625
8 0.67265625 0.68984375 0.075 0.13671875
4 0.271875 0.7796875 0.1421875 0.29765625
4 0.565625 0.8609375 0.13203125 0.278125
7 0.50390625 0.6359375 0.0828125 0.1515625
5 0.3078125 0.53203125 0.1015625 0.15546875
9 0.42265625 0.8609375 0.1109375 0.278125
9 0.70078125 0.940625 0.12109375 0.11796875
7 0.2296875 0.36875 0.1015625 0.08203125
14 0.7734375 0.87890625 0.125 0.22421875