10 0.4921875 0.8671875 0.234375 0.265625
9 0.653125 0.87578125 0.12734375 0.22890625
8 0.61328125 0.7671875 0.18984375 0.13515625
7 0.57265625 0.70390625 0.190625 0.121875
7 0.5890625 0.6453125 0.20625 0.1078125
7 0.5796875 0.60390625 0.21796875 0.1421875
8 0.67109375 0.5234375 0.1640625 0.1859375
10 0.6328125 0.41953125 0.14140625 0.13671875
13 0.3 0.40859375 0.20078125 0.3703125
7 0.28203125 0.49921875 0.184375 0.225
9 0.28046875 0.5625 0.17265625 0.23828125
4 0.09453125 0.88046875 0.18828125 0.23828125
5 0.1265625 0.7859375 0.20390625 0.20703125
7 0.2171875 0.66875 0.20546875 0.24453125
10 0.2234375 0.04609375 0.12578125 0.09140625
7 0.1515625 0.1109375 0.1296875 0.11484375
8 0.05078125 0.20546875 0.1015625 0.15
1 0.934375 0.6984375 0.13125 0.590625
1 0.946875 0.290625 0.10625 0.45078125