5 0.5875 0.6859375 0.22578125 0.3109375
8 0.28046875 0.65390625 0.2421875 0.33515625
4 0.30390625 0.34296875 0.14453125 0.1609375
5 0.496875 0.2984375 0.1046875 0.18515625
8 0.1625 0.3015625 0.13671875 0.1546875
7 0.3375 0.19375 0.090625 0.10703125
7 0.240625 0.14453125 0.07578125 0.09609375
5 0.60234375 0.2296875 0.08828125 0.11015625
10 0.77421875 0.303125 0.1046875 0.12265625
4 0.97109375 0.62109375 0.05703125 0.2375
2 0.11328125 0.14765625 0.071875 0.0859375
4 0.01875 0.33515625 0.0375 0.1546875
3 0.1640625 0.0875 0.06171875 0.07421875
4 0.3421875 0.0640625 0.0625 0.06796875
12 0.50390625 0.07109375 0.06640625 0.078125
5 0.578125 0.10703125 0.0703125 0.078125
4 0.7234375 0.1171875 0.13984375 0.08125
8 0.7328125 0.25 0.10234375 0.0875
8 0.71015625 0.22421875 0.0890625 0.08828125