10 0.75625 0.73515625 0.07734375 0.06875
10 0.87578125 0.54609375 0.059375 0.04609375
10 0.5328125 0.34453125 0.0578125 0.04921875
10 0.46875 0.25546875 0.05078125 0.0390625
10 0.478125 0.1984375 0.04765625 0.046875
10 0.41015625 0.1046875 0.05078125 0.05078125
10 0.58203125 0.76015625 0.05390625 0.0390625
10 0.6890625 0.83125 0.07109375 0.06484375
10 0.7328125 0.89140625 0.0640625 0.05546875
4 0.54453125 0.709375 0.0703125 0.0515625
4 0.68359375 0.7296875 0.05625 0.05234375
4 0.8875 0.92421875 0.07109375 0.0578125
4 0.6671875 0.89375 0.0578125 0.0515625
4 0.08515625 0.63359375 0.075 0.034375
4 0.2828125 0.58984375 0.07265625 0.03828125
4 0.42578125 0.20703125 0.059375 0.04375
4 0.44140625 0.15546875 0.0578125 0.040625
4 0.3390625 0.10546875 0.07109375 0.046875
4 0.92265625 0.41640625 0.071875 0.03203125
7 0.45703125 0.534375 0.0515625 0.0484375
7 0.1796875 0.61171875 0.09140625 0.03359375
7 0.6484375 0.771875 0.05078125 0.0515625
8 0.684375 0.57578125 0.05078125 0.0484375
8 0.7609375 0.4703125 0.0796875 0.0578125
8 0.95625 0.475 0.0875 0.03671875
8 0.97265625 0.3625 0.0546875 0.03203125
8 0.21328125 0.63828125 0.0921875 0.03984375