8 0.16171875 0.71640625 0.16328125 0.2390625
8 0.353125 0.3046875 0.0796875 0.10703125
8 0.91875 0.34609375 0.10546875 0.10546875
8 0.975 0.246875 0.04921875 0.1015625
4 0.8171875 0.04609375 0.05703125 0.05859375
7 0.6765625 0.57734375 0.1140625 0.1984375
7 0.628125 0.31875 0.07890625 0.0984375
7 0.59453125 0.20625 0.0640625 0.1046875
7 0.59921875 0.134375 0.0546875 0.0703125
7 0.46953125 0.2609375 0.071875 0.096875
10 0.47109375 0.3484375 0.1015625 0.13984375
10 0.27109375 0.47734375 0.10234375 0.13515625
1 0.396875 0.09453125 0.09765625 0.1890625
8 0.365625 0.20546875 0.0671875 0.08046875
8 0.36640625 0.24375 0.053125 0.0625
8 0.4953125 0.184375 0.06640625 0.0796875